1.274574534563057915e+00
1.265427936198338488e+00
1.240301649829504971e+00
1.240301649829504971e+00
1.240301649829504971e+00
1.233803847998680148e+00
1.233803847998680148e+00
1.233803847998680148e+00
1.233803847998680148e+00
1.233803847998680148e+00
1.233803847998680148e+00
1.233803847998680148e+00
1.233803847998680148e+00
1.233803847998680148e+00
1.233803847998680148e+00
1.233803847998680148e+00
1.233803847998680148e+00
1.233803847998680148e+00
1.229326952899859382e+00
1.229326952899859382e+00
1.229326952899859382e+00
1.229326952899859382e+00
1.210514979785787482e+00
1.211627713215202684e+00
1.211627713215202684e+00
1.211627713215202684e+00
1.206273829473898385e+00
1.206273829473898385e+00
1.228151083830129275e+00
1.228151083830129275e+00
1.224452237607802418e+00
1.224452237607802418e+00
1.224452237607802418e+00
1.229202274054540522e+00
1.229202274054540522e+00
1.229202274054540522e+00
1.229202274054540522e+00
1.229202274054540522e+00
1.223163676041229442e+00
1.223163676041229442e+00
1.220277926475113128e+00
1.217074394809930071e+00
1.217074394809930071e+00
1.217074394809930071e+00
1.222524777499181869e+00
1.222524777499181869e+00
1.222524777499181869e+00
1.222524777499181869e+00
1.222524777499181869e+00
1.222524777499181869e+00
1.222524777499181869e+00
1.222524777499181869e+00
1.222524777499181869e+00
1.222524777499181869e+00
1.222524777499181869e+00
1.221126794821704609e+00
1.221126794821704609e+00
1.221126794821704609e+00
1.221706334313142017e+00
1.221706334313142017e+00
1.221706334313142017e+00
1.221706334313142017e+00
1.221706334313142017e+00
1.221706334313142017e+00
1.221706334313142017e+00
1.221706334313142017e+00
1.221706334313142017e+00
1.221706334313142017e+00
1.221706334313142017e+00
1.221706334313142017e+00
1.215776054055573097e+00
1.215776054055573097e+00
1.224437237499178543e+00
1.237884529277745171e+00
1.237884529277745171e+00
1.237884529277745171e+00
1.237884529277745171e+00
1.237884529277745171e+00
1.237884529277745171e+00
1.237884529277745171e+00
1.237884529277745171e+00
1.241489276423127341e+00
1.241489276423127341e+00
1.241489276423127341e+00
1.241489276423127341e+00
1.241489276423127341e+00
1.241489276423127341e+00
1.241489276423127341e+00
1.241489276423127341e+00
1.238059957784261034e+00
1.238059957784261034e+00
1.238059957784261034e+00
1.238059957784261034e+00
1.238059957784261034e+00
1.238059957784261034e+00
1.239831291527359269e+00
1.239831291527359269e+00
1.239831291527359269e+00
1.239831291527359269e+00
1.239831291527359269e+00
1.239831291527359269e+00
1.239831291527359269e+00
1.231795318324089283e+00
1.231795318324089283e+00
1.231795318324089283e+00
1.231795318324089283e+00
1.233902686523716596e+00
1.233902686523716596e+00
1.223427882081864926e+00
1.223279700615502952e+00
1.223279700615502952e+00
1.223279700615502952e+00
1.223279700615502952e+00
1.215088197699006223e+00
1.215088197699006223e+00
1.215088197699006223e+00
1.215364286063022270e+00
1.215364286063022270e+00
1.215364286063022270e+00
1.231585283485278071e+00
1.231585283485278071e+00
1.231585283485278071e+00
1.231585283485278071e+00
1.231585283485278071e+00
1.228857673221025903e+00
1.228857673221025903e+00
1.228857673221025903e+00
1.228857673221025903e+00
1.228857673221025903e+00
1.228857673221025903e+00
1.228857673221025903e+00
1.228857673221025903e+00
1.228857673221025903e+00
1.228857673221025903e+00
1.228857673221025903e+00
1.228857673221025903e+00
1.228857673221025903e+00
1.228857673221025903e+00
1.228857673221025903e+00
1.228857673221025903e+00
1.228857673221025903e+00
1.228857673221025903e+00
1.228857673221025903e+00
1.228857673221025903e+00
1.228857673221025903e+00
1.228857673221025903e+00
1.228857673221025903e+00
1.228857673221025903e+00
1.228857673221025903e+00
1.228857673221025903e+00
1.228857673221025903e+00
1.228857673221025903e+00
1.228857673221025903e+00
1.228857673221025903e+00
1.228857673221025903e+00
1.228857673221025903e+00
1.228857673221025903e+00
1.228857673221025903e+00
1.228857673221025903e+00
1.228857673221025903e+00
1.228857673221025903e+00
1.228857673221025903e+00
1.228857673221025903e+00
1.228857673221025903e+00
1.228857673221025903e+00
1.228857673221025903e+00
1.228857673221025903e+00
1.228857673221025903e+00
1.228857673221025903e+00
1.228857673221025903e+00
1.228857673221025903e+00
1.228857673221025903e+00
1.228857673221025903e+00
1.228014549827382007e+00
1.228014549827382007e+00
1.228014549827382007e+00
1.228014549827382007e+00
1.240221357487032883e+00
1.240221357487032883e+00
1.241545228672139789e+00
1.241545228672139789e+00
1.241545228672139789e+00
1.241545228672139789e+00
1.241545228672139789e+00
1.241545228672139789e+00
1.241545228672139789e+00
1.235844798202791139e+00
1.235844798202791139e+00
1.235844798202791139e+00
1.235844798202791139e+00
1.228653704610563224e+00
1.228653704610563224e+00
1.228653704610563224e+00
1.225626644893192729e+00
1.225626644893192729e+00
1.225626644893192729e+00
1.225626644893192729e+00
1.225626644893192729e+00
1.235509103214262439e+00
1.235509103214262439e+00
1.235509103214262439e+00
1.235509103214262439e+00
1.235509103214262439e+00
1.235509103214262439e+00
1.234006485977688472e+00
1.234006485977688472e+00
1.234006485977688472e+00
1.225229128130295830e+00
1.225229128130295830e+00
1.234382459738341042e+00
1.234382459738341042e+00
1.234382459738341042e+00
1.234382459738341042e+00
1.234382459738341042e+00
1.234382459738341042e+00
1.234382459738341042e+00
1.227377208880986670e+00
1.230902599867255365e+00
1.230902599867255365e+00
1.230902599867255365e+00
1.230902599867255365e+00
1.230902599867255365e+00
1.230902599867255365e+00
1.230902599867255365e+00
1.230902599867255365e+00
1.226923273197939368e+00
1.226923273197939368e+00
1.226923273197939368e+00
1.226923273197939368e+00
1.226923273197939368e+00
1.226923273197939368e+00
1.230783699010585153e+00
1.230783699010585153e+00
1.230783699010585153e+00
1.230783699010585153e+00
1.230783699010585153e+00
1.230783699010585153e+00
1.226787431250066840e+00
1.226787431250066840e+00
1.226787431250066840e+00
1.226787431250066840e+00
1.226787431250066840e+00
1.226787431250066840e+00
1.226787431250066840e+00
1.235411964831693687e+00
1.235411964831693687e+00
1.235411964831693687e+00
1.235411964831693687e+00
1.235411964831693687e+00
1.235411964831693687e+00
1.235411964831693687e+00
1.235411964831693687e+00
1.235411964831693687e+00
1.235411964831693687e+00
1.235411964831693687e+00
1.235411964831693687e+00
1.240505166593182995e+00
1.240505166593182995e+00
1.240505166593182995e+00
1.240505166593182995e+00
1.240505166593182995e+00
1.240505166593182995e+00
1.240505166593182995e+00
1.224428707123881965e+00
1.224428707123881965e+00
1.224428707123881965e+00
1.224428707123881965e+00
1.224428707123881965e+00
1.224428707123881965e+00
1.224428707123881965e+00
1.224428707123881965e+00
1.224428707123881965e+00
1.222964137790312877e+00
1.222964137790312877e+00
1.225266664953959195e+00
1.225266664953959195e+00
1.225266664953959195e+00
1.225266664953959195e+00
1.225266664953959195e+00
1.225266664953959195e+00
1.225266664953959195e+00
1.225266664953959195e+00
1.225266664953959195e+00
1.225266664953959195e+00
1.225266664953959195e+00
1.225266664953959195e+00
1.225266664953959195e+00
1.225266664953959195e+00
1.225266664953959195e+00
1.225266664953959195e+00
1.220660035024003331e+00
1.220660035024003331e+00
1.220660035024003331e+00
1.225847986895344688e+00
1.225847986895344688e+00
1.225847986895344688e+00
1.225847986895344688e+00
1.225847986895344688e+00
1.225847986895344688e+00
1.225847986895344688e+00
1.225847986895344688e+00
1.225847986895344688e+00
1.225847986895344688e+00
1.225847986895344688e+00
1.226936431137038985e+00
1.226936431137038985e+00
1.226936431137038985e+00
1.226936431137038985e+00
1.226936431137038985e+00
1.226936431137038985e+00
1.237417677574930375e+00
1.237417677574930375e+00
1.237417677574930375e+00
1.237417677574930375e+00
1.226483661747229448e+00
1.226483661747229448e+00
1.226483661747229448e+00
1.224979860887923211e+00
1.224979860887923211e+00
1.224979860887923211e+00
1.224979860887923211e+00
1.224979860887923211e+00
1.224979860887923211e+00
1.224979860887923211e+00
1.224979860887923211e+00
1.235641257611977961e+00
1.235927945273376904e+00
1.235927945273376904e+00
1.235927945273376904e+00
1.235927945273376904e+00
1.235927945273376904e+00
1.235927945273376904e+00
1.235927945273376904e+00
1.235927945273376904e+00
1.235927945273376904e+00
1.235927945273376904e+00
1.235927945273376904e+00
1.235927945273376904e+00
1.235927945273376904e+00
1.226595584671629435e+00
1.226595584671629435e+00
1.226595584671629435e+00
1.226595584671629435e+00
1.226595584671629435e+00
1.221763647995975255e+00
1.238505385332670405e+00
1.238505385332670405e+00
1.238505385332670405e+00
1.238505385332670405e+00
1.238505385332670405e+00
1.238505385332670405e+00
1.238505385332670405e+00
1.238505385332670405e+00
1.238505385332670405e+00
1.232330341061931733e+00
1.232330341061931733e+00
1.232330341061931733e+00
1.232330341061931733e+00
1.232330341061931733e+00
1.232330341061931733e+00
1.232330341061931733e+00
1.232330341061931733e+00
1.232330341061931733e+00
1.231197071458414838e+00
1.241478495983951325e+00
1.241478495983951325e+00
1.241478495983951325e+00
1.241478495983951325e+00
1.241478495983951325e+00
1.241478495983951325e+00
1.241478495983951325e+00
1.241478495983951325e+00
1.241478495983951325e+00
1.241478495983951325e+00
1.241478495983951325e+00
1.241478495983951325e+00
1.241478495983951325e+00
1.241478495983951325e+00
1.241478495983951325e+00
1.241478495983951325e+00
1.241478495983951325e+00
1.234226586768832901e+00
1.234226586768832901e+00
1.234226586768832901e+00
1.234226586768832901e+00
1.234226586768832901e+00
1.234543082405026082e+00
1.223465268718472165e+00
1.223465268718472165e+00
1.223465268718472165e+00
1.223465268718472165e+00
1.223465268718472165e+00
1.223465268718472165e+00
1.226370946987712429e+00
1.226370946987712429e+00
1.226370946987712429e+00
1.226370946987712429e+00
1.226370946987712429e+00
1.226370946987712429e+00
1.226370946987712429e+00
1.226370946987712429e+00
1.226370946987712429e+00
1.226370946987712429e+00
1.224232173277905122e+00
1.224232173277905122e+00
1.224232173277905122e+00
1.224232173277905122e+00
1.224232173277905122e+00
1.224232173277905122e+00
1.219548906956866796e+00
1.219548906956866796e+00
1.220278330352921436e+00
1.220278330352921436e+00
1.220278330352921436e+00
1.220278330352921436e+00
1.220278330352921436e+00
1.220278330352921436e+00
1.210638172254327349e+00
1.210638172254327349e+00
1.210638172254327349e+00
1.210638172254327349e+00
1.210638172254327349e+00
1.210638172254327349e+00
1.218191977665063819e+00
1.218191977665063819e+00
1.218191977665063819e+00
1.218191977665063819e+00
1.218059926170103058e+00
1.218059926170103058e+00
1.218059926170103058e+00
1.223952498869282701e+00
1.223952498869282701e+00
1.223952498869282701e+00
1.223952498869282701e+00
1.223952498869282701e+00
1.226060348183330539e+00
1.226060348183330539e+00
1.226060348183330539e+00
1.226060348183330539e+00
1.226060348183330539e+00
1.226060348183330539e+00
1.226060348183330539e+00
1.226060348183330539e+00
1.226060348183330539e+00
1.226060348183330539e+00
1.226060348183330539e+00
1.226060348183330539e+00
1.224415456837476546e+00
1.224415456837476546e+00
1.224415456837476546e+00
1.231296738161973270e+00
1.231296738161973270e+00
1.231296738161973270e+00
1.231296738161973270e+00
1.231296738161973270e+00
1.238491143873868827e+00
1.238491143873868827e+00
1.238491143873868827e+00
1.238491143873868827e+00
1.238491143873868827e+00
1.238491143873868827e+00
1.238491143873868827e+00
1.238491143873868827e+00
1.238491143873868827e+00
1.238491143873868827e+00
1.238491143873868827e+00
1.239183018680775294e+00
1.239183018680775294e+00
1.239183018680775294e+00
1.232414822074959559e+00
1.232414822074959559e+00
1.232414822074959559e+00
1.232414822074959559e+00
1.232414822074959559e+00
1.232414822074959559e+00
1.232414822074959559e+00
1.232414822074959559e+00
1.232414822074959559e+00
1.244284071675110237e+00
1.244284071675110237e+00
1.224431474283761423e+00
1.224431474283761423e+00
1.224431474283761423e+00
1.217966898907452800e+00
1.217966898907452800e+00
1.217966898907452800e+00
1.217966898907452800e+00
1.217966898907452800e+00
1.217966898907452800e+00
1.217966898907452800e+00
1.221053483866128220e+00
1.221053483866128220e+00
1.221053483866128220e+00
1.221053483866128220e+00
1.221053483866128220e+00
1.221053483866128220e+00
1.232036031153117994e+00
1.232036031153117994e+00
1.238525716049359016e+00
1.238525716049359016e+00
1.238525716049359016e+00
1.238525716049359016e+00
1.238525716049359016e+00
1.238525716049359016e+00
1.243455068855605194e+00
1.243455068855605194e+00
1.230795563992677311e+00
1.230795563992677311e+00
1.223530128734389821e+00
1.223530128734389821e+00
1.223530128734389821e+00
1.223530128734389821e+00
1.223530128734389821e+00
1.223530128734389821e+00
1.223530128734389821e+00
1.223530128734389821e+00
1.228156308469852132e+00
1.228156308469852132e+00
1.228156308469852132e+00
1.216781875693192294e+00
1.216781875693192294e+00
1.216781875693192294e+00
1.226371419969543908e+00
1.226371419969543908e+00
1.226371419969543908e+00
1.226371419969543908e+00
1.226371419969543908e+00
1.226371419969543908e+00
1.226371419969543908e+00
1.226371419969543908e+00
1.226371419969543908e+00
1.226371419969543908e+00
1.226371419969543908e+00
1.226371419969543908e+00
1.235637049147619848e+00
1.235637049147619848e+00
1.233024475554302057e+00
1.233024475554302057e+00
1.236500013688081490e+00
1.228422267092689868e+00
1.228422267092689868e+00
1.228422267092689868e+00
1.228422267092689868e+00
1.228422267092689868e+00
1.239860750465992423e+00
1.239860750465992423e+00
1.239860750465992423e+00
1.239860750465992423e+00
1.239860750465992423e+00
1.239860750465992423e+00
1.239860750465992423e+00
1.239860750465992423e+00
1.239860750465992423e+00
1.239860750465992423e+00
1.225919136377906504e+00
1.225919136377906504e+00
1.225919136377906504e+00
1.225919136377906504e+00
1.225919136377906504e+00
1.225919136377906504e+00
1.225919136377906504e+00
1.225919136377906504e+00
1.222719918890599500e+00
1.222719918890599500e+00
1.229028450952223572e+00
1.229028450952223572e+00
1.229028450952223572e+00
1.234687574355570749e+00
1.234687574355570749e+00
1.229884907071484124e+00
1.229884907071484124e+00
1.229884907071484124e+00
1.229884907071484124e+00
1.229884907071484124e+00
1.224349367331267535e+00
1.224349367331267535e+00
1.220465146386704891e+00
1.220465146386704891e+00
1.220465146386704891e+00
1.220465146386704891e+00
1.220465146386704891e+00
1.220465146386704891e+00
1.220465146386704891e+00
1.220465146386704891e+00
1.220465146386704891e+00
1.212617041548419650e+00
1.212617041548419650e+00
1.212731146079760292e+00
1.212731146079760292e+00
1.224675421423152777e+00
1.224675421423152777e+00
1.224675421423152777e+00
1.227525059169935373e+00
1.227525059169935373e+00
1.227525059169935373e+00
1.227525059169935373e+00
1.227525059169935373e+00
1.227525059169935373e+00
1.227525059169935373e+00
1.227525059169935373e+00
1.227525059169935373e+00
1.227525059169935373e+00
1.227525059169935373e+00
1.227525059169935373e+00
1.227525059169935373e+00
1.228106033022399179e+00
1.228106033022399179e+00
1.228106033022399179e+00
1.228106033022399179e+00
1.231671971456304027e+00
1.232165224684096172e+00
1.232165224684096172e+00
1.232165224684096172e+00
1.232165224684096172e+00
1.232165224684096172e+00
1.232165224684096172e+00
1.232165224684096172e+00
1.231088795721198226e+00
1.231088795721198226e+00
1.231088795721198226e+00
1.228795265145880888e+00
1.228795265145880888e+00
1.228795265145880888e+00
1.228795265145880888e+00
1.228795265145880888e+00
1.223465323258719595e+00
1.223465323258719595e+00
1.223465323258719595e+00
1.223465323258719595e+00
1.223465323258719595e+00
1.228904146494693039e+00
1.228904146494693039e+00
1.228904146494693039e+00
1.228904146494693039e+00
1.222037115810816976e+00
1.222037115810816976e+00
1.222037115810816976e+00
1.222037115810816976e+00
1.222037115810816976e+00
1.214807947808501432e+00
1.214807947808501432e+00
1.214807947808501432e+00
1.214807947808501432e+00
1.214807947808501432e+00
1.214807947808501432e+00
1.214807947808501432e+00
1.214807947808501432e+00
1.214807947808501432e+00
1.217024938678347601e+00
1.232443691203799263e+00
1.234304113486754506e+00
1.234304113486754506e+00
1.234304113486754506e+00
1.234304113486754506e+00
1.234304113486754506e+00
1.234304113486754506e+00
1.234304113486754506e+00
1.234304113486754506e+00
1.234304113486754506e+00
1.235826260372197671e+00
1.235826260372197671e+00
1.235826260372197671e+00
1.235826260372197671e+00
1.235826260372197671e+00
1.235826260372197671e+00
1.235826260372197671e+00
1.235826260372197671e+00
1.235826260372197671e+00
1.235826260372197671e+00
1.235826260372197671e+00
1.224863939203023833e+00
1.224863939203023833e+00
1.224863939203023833e+00
1.221016382802352584e+00
1.220077542575400242e+00
1.220077542575400242e+00
1.226260070177044303e+00
1.221021447734327525e+00
1.221021447734327525e+00
1.221021447734327525e+00
1.221021447734327525e+00
1.221021447734327525e+00
1.221021447734327525e+00
1.221021447734327525e+00
1.221021447734327525e+00
1.217321851831241641e+00
1.217321851831241641e+00
1.217321851831241641e+00
1.217321851831241641e+00
1.217321851831241641e+00
1.217321851831241641e+00
1.217321851831241641e+00
1.221423968813894589e+00
1.221423968813894589e+00
1.221423968813894589e+00
1.221423968813894589e+00
1.221423968813894589e+00
1.221423968813894589e+00
1.221423968813894589e+00
1.221423968813894589e+00
1.221423968813894589e+00
1.221423968813894589e+00
1.221423968813894589e+00
1.221423968813894589e+00
1.221423968813894589e+00
1.221423968813894589e+00
1.221423968813894589e+00
1.221423968813894589e+00
1.221423968813894589e+00
1.221423968813894589e+00
1.231856620248922507e+00
1.231856620248922507e+00
1.231856620248922507e+00
1.224831621194871101e+00
1.224831621194871101e+00
1.234091656256737224e+00
1.234091656256737224e+00
1.234091656256737224e+00
1.234091656256737224e+00
1.234091656256737224e+00
1.234091656256737224e+00
1.234091656256737224e+00
1.234091656256737224e+00
1.234091656256737224e+00
1.234091656256737224e+00
1.233920721437014034e+00
1.233920721437014034e+00
1.233920721437014034e+00
1.233920721437014034e+00
1.233920721437014034e+00
1.233920721437014034e+00
1.233920721437014034e+00
1.225813898380349931e+00
1.225813898380349931e+00
1.244796772337527502e+00
1.244796772337527502e+00
1.244796772337527502e+00
1.236269770328386031e+00
1.236269770328386031e+00
1.236269770328386031e+00
1.236269770328386031e+00
1.236269770328386031e+00
1.236269770328386031e+00
1.221880337822328855e+00
1.221880337822328855e+00
1.221880337822328855e+00
1.221880337822328855e+00
1.221880337822328855e+00
1.221913146431221397e+00
1.221913146431221397e+00
1.221913146431221397e+00
1.221913146431221397e+00
1.221913146431221397e+00
1.221913146431221397e+00
1.221913146431221397e+00
1.221913146431221397e+00
1.221913146431221397e+00
1.221913146431221397e+00
1.221913146431221397e+00
1.221913146431221397e+00
1.221913146431221397e+00
1.221913146431221397e+00
1.218793992138798687e+00
1.218793992138798687e+00
1.218793992138798687e+00
1.218793992138798687e+00
1.218793992138798687e+00
1.218793992138798687e+00
1.218793992138798687e+00
1.218793992138798687e+00
1.222745307156045680e+00
1.222745307156045680e+00
1.222745307156045680e+00
1.222745307156045680e+00
1.222745307156045680e+00
1.222745307156045680e+00
1.222745307156045680e+00
1.222745307156045680e+00
1.222745307156045680e+00
1.222745307156045680e+00
1.222745307156045680e+00
1.222745307156045680e+00
1.220109591971062724e+00
1.226230408099027169e+00
1.222145888296889193e+00
1.223701973762004958e+00
1.223701973762004958e+00
1.223701973762004958e+00
1.223701973762004958e+00
1.223701973762004958e+00
1.223701973762004958e+00
1.239696769282258471e+00
1.239696769282258471e+00
1.242422822821141137e+00
1.242422822821141137e+00
1.242422822821141137e+00
1.234349884241907169e+00
1.234349884241907169e+00
1.234349884241907169e+00
1.234349884241907169e+00
1.234349884241907169e+00
1.234349884241907169e+00
1.234349884241907169e+00
1.234349884241907169e+00
1.234349884241907169e+00
1.234349884241907169e+00
1.234349884241907169e+00
1.234349884241907169e+00
1.234349884241907169e+00
1.234349884241907169e+00
1.224639662248963923e+00
1.221628848146959045e+00
1.221628848146959045e+00
1.221628848146959045e+00
1.221628848146959045e+00
1.221628848146959045e+00
1.221628848146959045e+00
1.221628848146959045e+00
1.221781647290555606e+00
1.221781647290555606e+00
1.221781647290555606e+00
1.221781647290555606e+00
1.221781647290555606e+00
1.221781647290555606e+00
1.221781647290555606e+00
1.221781647290555606e+00
1.221781647290555606e+00
1.239239318461418105e+00
1.239239318461418105e+00
1.239239318461418105e+00
1.219038104335623318e+00
1.219038104335623318e+00
1.219038104335623318e+00
1.219038104335623318e+00
1.219038104335623318e+00
1.219038104335623318e+00
1.219038104335623318e+00
1.219038104335623318e+00
1.219038104335623318e+00
1.225026955394597383e+00
1.225026955394597383e+00
1.229056150641199663e+00
1.229056150641199663e+00
1.229056150641199663e+00
1.229056150641199663e+00
1.229056150641199663e+00
1.229056150641199663e+00
1.229056150641199663e+00
1.229056150641199663e+00
1.229056150641199663e+00
1.227883647419307556e+00
1.227883647419307556e+00
1.227883647419307556e+00
1.227883647419307556e+00
1.227883647419307556e+00
1.227883647419307556e+00
1.227883647419307556e+00
1.227883647419307556e+00
1.219181720050815043e+00
1.219181720050815043e+00
1.233151967225464718e+00
1.233151967225464718e+00
1.233151967225464718e+00
1.233151967225464718e+00
1.233151967225464718e+00
1.233151967225464718e+00
1.233151967225464718e+00
1.233151967225464718e+00
1.233151967225464718e+00
1.233151967225464718e+00
1.233151967225464718e+00
1.233151967225464718e+00
1.233151967225464718e+00
1.233151967225464718e+00
1.233151967225464718e+00
1.233151967225464718e+00
1.233151967225464718e+00
1.230201858672256066e+00
1.230201858672256066e+00
1.230201858672256066e+00
1.230201858672256066e+00
1.230201858672256066e+00
1.230201858672256066e+00
1.230201858672256066e+00
1.230201858672256066e+00
1.230201858672256066e+00
1.230201858672256066e+00
1.230201858672256066e+00
1.230201858672256066e+00
1.230201858672256066e+00
1.231034840446795897e+00
1.231034840446795897e+00
1.231034840446795897e+00
1.231034840446795897e+00
1.231034840446795897e+00
1.231034840446795897e+00
1.231034840446795897e+00
1.231034840446795897e+00
1.231034840446795897e+00
1.231034840446795897e+00
1.231034840446795897e+00
1.231034840446795897e+00
1.231034840446795897e+00
1.231034840446795897e+00
1.231034840446795897e+00
1.231034840446795897e+00
1.231034840446795897e+00
1.231034840446795897e+00
1.231034840446795897e+00
1.231034840446795897e+00
1.231034840446795897e+00
1.231034840446795897e+00
1.231034840446795897e+00
1.231034840446795897e+00
1.231034840446795897e+00
1.231034840446795897e+00
1.231034840446795897e+00
1.231034840446795897e+00
1.231034840446795897e+00
1.231034840446795897e+00
1.231034840446795897e+00
1.231034840446795897e+00
1.231034840446795897e+00
1.231034840446795897e+00
1.231034840446795897e+00
1.231034840446795897e+00
1.231034840446795897e+00
1.231034840446795897e+00
1.231034840446795897e+00
1.231355128407552790e+00
1.231355128407552790e+00
1.231355128407552790e+00
1.231355128407552790e+00
1.231355128407552790e+00
1.231355128407552790e+00
1.231355128407552790e+00
1.231355128407552790e+00
1.231355128407552790e+00
1.231355128407552790e+00
1.231355128407552790e+00
1.231355128407552790e+00
1.231355128407552790e+00
1.231355128407552790e+00
1.231355128407552790e+00
1.231355128407552790e+00
1.231355128407552790e+00
1.231355128407552790e+00
1.231355128407552790e+00
1.231355128407552790e+00
1.231355128407552790e+00
1.231355128407552790e+00
1.231355128407552790e+00
1.231355128407552790e+00
1.231355128407552790e+00
1.231355128407552790e+00
1.241128135787653131e+00
1.241128135787653131e+00
1.241128135787653131e+00
1.241128135787653131e+00
1.241128135787653131e+00
1.241128135787653131e+00
1.241128135787653131e+00
1.228877571560047288e+00
1.228877571560047288e+00
1.221947769312192067e+00
1.221947769312192067e+00
1.219496438138439443e+00
1.219496438138439443e+00
1.219496438138439443e+00
1.219496438138439443e+00
1.219496438138439443e+00
1.219496438138439443e+00
1.219496438138439443e+00
1.219496438138439443e+00
1.222110866538677953e+00
1.222110866538677953e+00
1.222110866538677953e+00
1.222110866538677953e+00
1.222110866538677953e+00
1.222110866538677953e+00
1.222110866538677953e+00
1.222110866538677953e+00
1.222110866538677953e+00
1.222110866538677953e+00
1.224563978515483598e+00
1.224563978515483598e+00
1.224563978515483598e+00
1.228304626579906467e+00
1.228304626579906467e+00
1.223898629451400488e+00
1.223898629451400488e+00
1.223898629451400488e+00
1.223898629451400488e+00
1.223898629451400488e+00
1.223898629451400488e+00
1.223898629451400488e+00
1.223070274056182738e+00
1.223070274056182738e+00
1.223070274056182738e+00
1.223070274056182738e+00
1.223070274056182738e+00
1.223070274056182738e+00
1.223070274056182738e+00
1.223070274056182738e+00
1.223070274056182738e+00
1.223070274056182738e+00
1.223070274056182738e+00
1.225024516926556784e+00
1.225024516926556784e+00
1.225024516926556784e+00
1.225024516926556784e+00
1.225024516926556784e+00
1.226956648284485141e+00
1.226956648284485141e+00
1.226956648284485141e+00
1.221306259427331842e+00
1.223624896744953894e+00
1.223624896744953894e+00
1.223624896744953894e+00
1.223542467618724316e+00
1.223542467618724316e+00
1.223542467618724316e+00
1.218427998241359500e+00
1.218427998241359500e+00
1.218427998241359500e+00
1.218427998241359500e+00
1.218427998241359500e+00
1.218427998241359500e+00
1.218807582905532039e+00
1.218807582905532039e+00
1.218807582905532039e+00
1.218807582905532039e+00
1.218807582905532039e+00
1.233608243835938811e+00
1.224312285037633785e+00
1.224312285037633785e+00
1.220198025576364032e+00
1.220198025576364032e+00
1.220198025576364032e+00
1.220198025576364032e+00
1.220198025576364032e+00
1.228182217290549660e+00
1.228182217290549660e+00
1.228182217290549660e+00
1.228182217290549660e+00
1.228182217290549660e+00
1.228182217290549660e+00
1.228182217290549660e+00
1.228182217290549660e+00
1.228182217290549660e+00
1.228182217290549660e+00
1.235807311122778085e+00
1.235807311122778085e+00
1.235807311122778085e+00
1.235807311122778085e+00
1.224879688490829288e+00
1.224879688490829288e+00
1.230752807367412771e+00
1.229049159590469564e+00
1.229049159590469564e+00
1.229049159590469564e+00
1.229049159590469564e+00
1.236055631947660327e+00
1.236055631947660327e+00
1.233742174447148621e+00
1.224591831123096775e+00
1.224591831123096775e+00
1.224591831123096775e+00
1.224591831123096775e+00
1.224591831123096775e+00
1.224591831123096775e+00
1.224591831123096775e+00
1.224591831123096775e+00
1.224591831123096775e+00
1.224591831123096775e+00
1.224591831123096775e+00
1.224591831123096775e+00
1.224591831123096775e+00
1.215901139399475861e+00
1.219058980358142419e+00
1.219058980358142419e+00
1.223143315855465652e+00
1.223143315855465652e+00
1.223143315855465652e+00
1.223143315855465652e+00
1.226383200576012689e+00
1.226383200576012689e+00
1.220003228588081301e+00
1.220003228588081301e+00
1.220003228588081301e+00
1.220003228588081301e+00
1.221199221837417914e+00
1.221199221837417914e+00
1.221199221837417914e+00
1.221199221837417914e+00
1.210817406593771128e+00
1.210817406593771128e+00
1.210817406593771128e+00
1.210817406593771128e+00
1.210817406593771128e+00
1.210817406593771128e+00
1.210817406593771128e+00
1.210817406593771128e+00
1.210817406593771128e+00
1.211325766756758515e+00
1.211325766756758515e+00
1.211325766756758515e+00
1.211325766756758515e+00
1.211325766756758515e+00
1.211325766756758515e+00
1.211325766756758515e+00
1.211325766756758515e+00
1.231805135791043337e+00
1.231805135791043337e+00
1.231805135791043337e+00
1.231805135791043337e+00
1.231805135791043337e+00
1.231805135791043337e+00
1.231805135791043337e+00
1.231990059565304385e+00
1.231990059565304385e+00
1.223568814507719926e+00
1.223568814507719926e+00
1.238090629817026889e+00
1.238090629817026889e+00
1.229098126812451897e+00
1.229098126812451897e+00
1.229098126812451897e+00
1.218670460061857419e+00
1.218670460061857419e+00
1.215897678078759814e+00
1.215897678078759814e+00
1.236178995596201924e+00
1.236178995596201924e+00
1.236178995596201924e+00
1.237927221950329892e+00
1.235040003298630618e+00
1.235040003298630618e+00
1.235040003298630618e+00
1.231689017507837658e+00
1.231689017507837658e+00
1.231689017507837658e+00
1.231689017507837658e+00
1.231689017507837658e+00
1.231689017507837658e+00
1.231689017507837658e+00
1.231689017507837658e+00
1.237322927142216589e+00
1.237364048991147047e+00
1.237364048991147047e+00
1.237364048991147047e+00
1.237364048991147047e+00
1.237364048991147047e+00
1.237364048991147047e+00
1.237364048991147047e+00
1.237364048991147047e+00
1.237364048991147047e+00
1.237364048991147047e+00
1.237364048991147047e+00
1.237364048991147047e+00
1.224360517193608500e+00
1.224651684279839614e+00
1.224651684279839614e+00
1.234753381466713318e+00
1.234753381466713318e+00
1.234753381466713318e+00
1.234753381466713318e+00
1.229386547362455229e+00
1.230729767373214045e+00
1.230729767373214045e+00
1.233984737256840658e+00
1.233984737256840658e+00
1.233984737256840658e+00
1.233984737256840658e+00
1.233984737256840658e+00
1.233984737256840658e+00
1.233984737256840658e+00
1.233984737256840658e+00
1.233984737256840658e+00
1.231183534399080237e+00
1.222600322581174348e+00
1.222600322581174348e+00
1.222600322581174348e+00
1.222600322581174348e+00
1.223783004923955753e+00
1.223783004923955753e+00
1.223783004923955753e+00
1.223783004923955753e+00
1.223783004923955753e+00
1.223783004923955753e+00
1.223783004923955753e+00
1.223783004923955753e+00
1.223783004923955753e+00
1.223783004923955753e+00
1.222786176360371568e+00
1.222786176360371568e+00
1.222786176360371568e+00
1.222786176360371568e+00
1.230185623568353259e+00
1.230185623568353259e+00
1.230185623568353259e+00
1.231863801698670713e+00
1.231863801698670713e+00
1.231863801698670713e+00
1.231863801698670713e+00
1.231863801698670713e+00
1.231863801698670713e+00
1.231863801698670713e+00
1.226198040702807246e+00
1.226198040702807246e+00
1.226198040702807246e+00
1.226198040702807246e+00
1.226198040702807246e+00
1.226198040702807246e+00
1.226198040702807246e+00
1.226198040702807246e+00
1.220948624905757951e+00
1.220948624905757951e+00
1.220948624905757951e+00
1.220948624905757951e+00
1.219484229437807876e+00
1.219484229437807876e+00
1.217147663800735913e+00
1.217147663800735913e+00
1.217147663800735913e+00
1.217147663800735913e+00
1.217147663800735913e+00
1.217147663800735913e+00
1.224551503169656108e+00
1.224551503169656108e+00
1.224551503169656108e+00
1.224551503169656108e+00
1.224551503169656108e+00
1.221490672122300669e+00
1.221490672122300669e+00
1.221490672122300669e+00
1.221490672122300669e+00
1.221490672122300669e+00
1.221490672122300669e+00
1.220830456936894848e+00
1.222253988546113668e+00
1.222253988546113668e+00
1.227090183682959745e+00
1.213513703673675836e+00
1.213513703673675836e+00
1.213513703673675836e+00
1.214744240528943031e+00
1.214744240528943031e+00
1.214744240528943031e+00
1.214744240528943031e+00
1.214744240528943031e+00
1.221968251200457711e+00
1.221968251200457711e+00
1.223137350598236583e+00
1.223137350598236583e+00
1.226358069271667572e+00
1.226358069271667572e+00
1.226358069271667572e+00
1.226358069271667572e+00
1.226358069271667572e+00
1.226358069271667572e+00
1.226358069271667572e+00
1.226358069271667572e+00
1.226358069271667572e+00
1.226358069271667572e+00
1.226358069271667572e+00
1.226358069271667572e+00
1.226358069271667572e+00
1.226358069271667572e+00
1.226358069271667572e+00
1.226358069271667572e+00
1.226358069271667572e+00
1.226358069271667572e+00
1.226358069271667572e+00
1.226358069271667572e+00
1.226358069271667572e+00
1.226358069271667572e+00
1.226358069271667572e+00
1.226358069271667572e+00
1.226358069271667572e+00
1.226358069271667572e+00
1.226358069271667572e+00
1.225488443418856876e+00
1.225488443418856876e+00
1.225488443418856876e+00
1.225488443418856876e+00
1.225488443418856876e+00
1.235017407212439133e+00
1.235017407212439133e+00
1.235017407212439133e+00
1.235017407212439133e+00
1.235017407212439133e+00
1.235017407212439133e+00
1.235017407212439133e+00
1.233876939219441748e+00
1.233876939219441748e+00
1.233876939219441748e+00
1.231949032347728012e+00
1.231753661552034584e+00
1.231753661552034584e+00
1.231753661552034584e+00
1.228057732946342240e+00
1.228057732946342240e+00
1.225526376701095321e+00
1.225526376701095321e+00
1.225526376701095321e+00
1.229929810079850139e+00
1.229929810079850139e+00
1.229929810079850139e+00
1.229929810079850139e+00
1.229929810079850139e+00
1.229929810079850139e+00
1.229929810079850139e+00
1.229929810079850139e+00
1.229929810079850139e+00
1.229929810079850139e+00
1.229929810079850139e+00
1.229929810079850139e+00
1.229929810079850139e+00
1.229929810079850139e+00
1.229558378568379462e+00
1.226300078913814318e+00
1.226300078913814318e+00
1.226300078913814318e+00
1.226300078913814318e+00
1.226300078913814318e+00
1.226300078913814318e+00
1.226300078913814318e+00
1.226300078913814318e+00
1.226300078913814318e+00
1.222690538114111991e+00
1.222690538114111991e+00
1.226240077735584411e+00
1.226240077735584411e+00
1.226240077735584411e+00
1.230382609330332500e+00
1.230382609330332500e+00
1.230382609330332500e+00
1.230382609330332500e+00
1.230382609330332500e+00
1.230382609330332500e+00
1.230382609330332500e+00
1.230382609330332500e+00
1.230382609330332500e+00
1.230382609330332500e+00
1.230382609330332500e+00
1.230382609330332500e+00
1.230382609330332500e+00
1.230382609330332500e+00
1.230382609330332500e+00
1.230382609330332500e+00
1.230382609330332500e+00
1.230382609330332500e+00
1.230382609330332500e+00
1.224121518966602151e+00
1.224121518966602151e+00
1.224121518966602151e+00
1.237209333879270012e+00
1.237209333879270012e+00
1.232971997844836576e+00
1.232971997844836576e+00
1.232971997844836576e+00
1.232971997844836576e+00
1.224173434007716610e+00
1.224173434007716610e+00
1.218665871766562381e+00
1.218665871766562381e+00
1.218665871766562381e+00
1.218665871766562381e+00
1.218665871766562381e+00
1.218665871766562381e+00
1.218665871766562381e+00
1.218665871766562381e+00
1.218665871766562381e+00
1.218665871766562381e+00
1.218665871766562381e+00
1.224405189074854405e+00
1.229825306644888094e+00
1.229825306644888094e+00
1.229825306644888094e+00
1.229070636863831334e+00
1.229070636863831334e+00
1.232133188274749269e+00
1.232133188274749269e+00
1.232133188274749269e+00
1.232133188274749269e+00
1.232133188274749269e+00
1.232133188274749269e+00
1.236802330619253931e+00
1.236802330619253931e+00
1.236802330619253931e+00
1.236802330619253931e+00
1.236802330619253931e+00
1.236802330619253931e+00
1.236802330619253931e+00
1.236077197269777939e+00
1.236077197269777939e+00
1.236077197269777939e+00
1.236077197269777939e+00
1.236077197269777939e+00
1.237169396140773037e+00
1.237169396140773037e+00
1.237169396140773037e+00
1.237169396140773037e+00
1.236196075695864538e+00
1.236196075695864538e+00
1.236196075695864538e+00
1.236196075695864538e+00
1.236196075695864538e+00
1.236196075695864538e+00
1.236196075695864538e+00
1.236196075695864538e+00
1.235983722806047069e+00
1.235983722806047069e+00
1.235983722806047069e+00
1.235983722806047069e+00
1.232336740018409538e+00
1.232336740018409538e+00
1.232336740018409538e+00
1.232336740018409538e+00
1.232336740018409538e+00
1.232336740018409538e+00
1.232336740018409538e+00
1.232336740018409538e+00
1.232336740018409538e+00
1.230603714409176597e+00
1.230603714409176597e+00
1.230603714409176597e+00
1.230603714409176597e+00
1.230603714409176597e+00
1.230603714409176597e+00
1.230603714409176597e+00
1.230603714409176597e+00
1.239827232019395487e+00
1.239827232019395487e+00
1.239827232019395487e+00
1.239827232019395487e+00
1.239827232019395487e+00
1.239827232019395487e+00
1.238557332157316004e+00
1.238557332157316004e+00
1.238557332157316004e+00
1.236725345931959819e+00
1.236725345931959819e+00
1.236725345931959819e+00
1.236725345931959819e+00
1.236725345931959819e+00
1.222351601593022696e+00
1.222351601593022696e+00
1.222351601593022696e+00
1.222351601593022696e+00
1.222351601593022696e+00
1.222351601593022696e+00
1.222351601593022696e+00
1.222351601593022696e+00
1.222351601593022696e+00
1.222351601593022696e+00
1.222351601593022696e+00
1.238346115274312931e+00
1.238346115274312931e+00
1.238346115274312931e+00
1.233182445149169082e+00
1.227909174095008771e+00
1.227909174095008771e+00
1.227909174095008771e+00
1.231414651917088321e+00
1.230592095554690291e+00
1.230592095554690291e+00
1.230592095554690291e+00
1.230592095554690291e+00
1.230592095554690291e+00
1.230592095554690291e+00
1.230592095554690291e+00
1.230592095554690291e+00
1.230592095554690291e+00
1.230592095554690291e+00
1.230592095554690291e+00
1.230592095554690291e+00
1.230592095554690291e+00
1.230592095554690291e+00
1.230592095554690291e+00
1.230592095554690291e+00
1.230592095554690291e+00
1.230592095554690291e+00
1.229588690492205982e+00
1.229588690492205982e+00
1.229588690492205982e+00
1.229588690492205982e+00
1.229588690492205982e+00
1.226074181063337099e+00
1.226074181063337099e+00
1.226074181063337099e+00
1.226074181063337099e+00
1.226074181063337099e+00
1.226074181063337099e+00
1.226074181063337099e+00
1.221683716221068972e+00
1.221683716221068972e+00
1.221683716221068972e+00
1.215467843253582592e+00
1.215467843253582592e+00
1.215467843253582592e+00
1.215467843253582592e+00
1.215467843253582592e+00
1.223942008112946178e+00
1.223942008112946178e+00
1.223942008112946178e+00
1.223942008112946178e+00
1.223942008112946178e+00
1.223942008112946178e+00
1.223942008112946178e+00
1.223942008112946178e+00
1.223942008112946178e+00
1.223942008112946178e+00
1.223942008112946178e+00
1.223942008112946178e+00
1.223942008112946178e+00
1.223942008112946178e+00
1.223942008112946178e+00
1.223942008112946178e+00
1.223942008112946178e+00
1.223942008112946178e+00
1.223942008112946178e+00
1.223942008112946178e+00
1.231109858187901862e+00
1.231109858187901862e+00
1.231109858187901862e+00
1.227921573040265057e+00
1.227921573040265057e+00
1.240061846609208152e+00
1.240061846609208152e+00
1.240061846609208152e+00
1.240061846609208152e+00
1.240061846609208152e+00
1.240061846609208152e+00
1.230122666332639225e+00
1.230122666332639225e+00
1.230371252587274311e+00
1.230371252587274311e+00
1.230371252587274311e+00
1.230371252587274311e+00
1.230371252587274311e+00
1.230371252587274311e+00
1.230371252587274311e+00
1.230371252587274311e+00
1.230371252587274311e+00
1.230371252587274311e+00
1.230371252587274311e+00
1.230371252587274311e+00
1.230371252587274311e+00
1.230371252587274311e+00
1.230371252587274311e+00
1.230371252587274311e+00
1.230371252587274311e+00
1.233813315900572416e+00
1.228695673925819909e+00
1.228695673925819909e+00
1.231992906650341890e+00
1.231992906650341890e+00
1.239554904516671829e+00
1.239554904516671829e+00
1.239554904516671829e+00
1.233088490150724414e+00
1.233088490150724414e+00
1.233088490150724414e+00
1.233088490150724414e+00
1.233088490150724414e+00
1.233088490150724414e+00
1.233088490150724414e+00
1.233088490150724414e+00
1.233088490150724414e+00
1.233088490150724414e+00
1.233088490150724414e+00
1.233088490150724414e+00
1.233088490150724414e+00
1.233088490150724414e+00
1.233088490150724414e+00
1.233088490150724414e+00
1.233088490150724414e+00
1.233088490150724414e+00
1.233088490150724414e+00
1.233088490150724414e+00
1.233088490150724414e+00
1.233088490150724414e+00
1.233088490150724414e+00
1.233088490150724414e+00
1.233088490150724414e+00
1.233088490150724414e+00
1.228690686764367657e+00
1.228690686764367657e+00
1.228690686764367657e+00
1.228690686764367657e+00
1.228690686764367657e+00
1.228690686764367657e+00
1.228690686764367657e+00
1.228690686764367657e+00
1.228690686764367657e+00
1.233759700155659278e+00
1.233759700155659278e+00
1.233759700155659278e+00
1.233759700155659278e+00
1.233759700155659278e+00
1.233759700155659278e+00
1.233759700155659278e+00
1.233759700155659278e+00
1.233759700155659278e+00
1.233759700155659278e+00
1.233759700155659278e+00
1.233759700155659278e+00
1.225282170381455149e+00
1.225282170381455149e+00
1.225282170381455149e+00
1.225282170381455149e+00
1.225282170381455149e+00
1.225282170381455149e+00
1.225282170381455149e+00
1.225282170381455149e+00
1.225282170381455149e+00
1.225282170381455149e+00
1.225282170381455149e+00
1.225282170381455149e+00
1.234658807433615779e+00
1.234658807433615779e+00
1.234658807433615779e+00
1.234658807433615779e+00
1.234658807433615779e+00
1.234658807433615779e+00
1.231285771686541297e+00
1.231285771686541297e+00
1.231285771686541297e+00
1.231453035758021342e+00
1.231453035758021342e+00
1.231453035758021342e+00
1.223075986887538713e+00
1.223075986887538713e+00
1.225232281385627120e+00
1.225232281385627120e+00
1.225232281385627120e+00
1.225232281385627120e+00
1.225232281385627120e+00
1.223614259809715721e+00
1.223954604736062324e+00
1.223954604736062324e+00
1.223954604736062324e+00
1.223954604736062324e+00
1.223954604736062324e+00
1.223954604736062324e+00
1.223954604736062324e+00
1.223954604736062324e+00
1.223980444850319538e+00
1.223980444850319538e+00
1.223980444850319538e+00
1.223980444850319538e+00
1.223980444850319538e+00
1.223980444850319538e+00
1.222601963033142392e+00
1.222601963033142392e+00
1.222601963033142392e+00
1.227687567996045503e+00
1.227687567996045503e+00
1.227687567996045503e+00
1.233172029123984936e+00
1.233172029123984936e+00
1.228396964548750248e+00
1.228396964548750248e+00
1.228396964548750248e+00
1.228396964548750248e+00
1.228396964548750248e+00
1.228396964548750248e+00
1.228396964548750248e+00
1.227407794603829982e+00
1.227407794603829982e+00
1.227407794603829982e+00
1.227407794603829982e+00
1.227407794603829982e+00
1.227407794603829982e+00
1.227407794603829982e+00
1.227407794603829982e+00
1.227407794603829982e+00
1.227407794603829982e+00
1.227407794603829982e+00
1.227407794603829982e+00
1.227407794603829982e+00
1.227407794603829982e+00
1.227407794603829982e+00
1.226448388500898101e+00
1.226448388500898101e+00
1.226448388500898101e+00
1.218643433750391969e+00
1.218643433750391969e+00
1.218643433750391969e+00
1.218643433750391969e+00
1.218643433750391969e+00
1.218643433750391969e+00
1.218643433750391969e+00
1.218643433750391969e+00
1.218643433750391969e+00
1.218643433750391969e+00
1.218643433750391969e+00
1.218643433750391969e+00
1.218643433750391969e+00
1.218643433750391969e+00
1.218643433750391969e+00
1.218643433750391969e+00
1.218153859499811809e+00
1.218153859499811809e+00
1.220328852819565268e+00
1.220328852819565268e+00
1.220328852819565268e+00
1.220328852819565268e+00
1.219697259066086170e+00
1.227605741727987976e+00
1.227605741727987976e+00
1.227605741727987976e+00
1.227605741727987976e+00
1.227605741727987976e+00
1.227605741727987976e+00
1.227605741727987976e+00
1.227605741727987976e+00
1.227605741727987976e+00
1.227605741727987976e+00
1.227605741727987976e+00
1.227605741727987976e+00
1.227605741727987976e+00
1.227605741727987976e+00
1.227605741727987976e+00
1.227605741727987976e+00
1.227605741727987976e+00
1.227605741727987976e+00
1.221717442825445588e+00
1.230983005780010409e+00
1.230983005780010409e+00
1.237155325074882350e+00
1.237155325074882350e+00
1.234431977577528317e+00
1.234431977577528317e+00
1.234431977577528317e+00
1.240980403070988780e+00
1.239600742710740722e+00
1.239600742710740722e+00
1.239600742710740722e+00
1.239600742710740722e+00
1.239600742710740722e+00
1.239600742710740722e+00
1.239600742710740722e+00
1.239600742710740722e+00
1.239600742710740722e+00
1.239600742710740722e+00
1.239600742710740722e+00
1.228741267701729978e+00
1.228741267701729978e+00
1.228741267701729978e+00
1.228741267701729978e+00
1.228741267701729978e+00
1.228741267701729978e+00
1.228741267701729978e+00
1.228741267701729978e+00
1.228741267701729978e+00
1.228741267701729978e+00
1.228741267701729978e+00
1.228741267701729978e+00
1.228741267701729978e+00
1.228741267701729978e+00
1.228741267701729978e+00
1.228741267701729978e+00
1.228741267701729978e+00
1.228741267701729978e+00
1.225403316930331998e+00
1.225403316930331998e+00
1.225403316930331998e+00
1.225403316930331998e+00
1.225403316930331998e+00
1.225403316930331998e+00
1.225403316930331998e+00
1.225403316930331998e+00
1.225403316930331998e+00
1.220976611379155807e+00
1.220976611379155807e+00
1.220976611379155807e+00
1.220976611379155807e+00
1.220976611379155807e+00
1.220976611379155807e+00
1.220976611379155807e+00
1.220976611379155807e+00
1.220976611379155807e+00
1.220976611379155807e+00
1.220976611379155807e+00
1.228453976612823739e+00
1.228453976612823739e+00
1.228453976612823739e+00
1.228453976612823739e+00
1.228453976612823739e+00
1.228453976612823739e+00
1.228453976612823739e+00
1.228453976612823739e+00
1.225108663581314428e+00
1.225108663581314428e+00
1.225108663581314428e+00
1.225108663581314428e+00
1.225108663581314428e+00
1.225108663581314428e+00
1.226913578621064316e+00
1.226913578621064316e+00
1.226913578621064316e+00
1.226913578621064316e+00
1.226913578621064316e+00
1.226913578621064316e+00
1.226913578621064316e+00
1.229016372938599444e+00
1.229016372938599444e+00
1.217839965993924078e+00
1.217839965993924078e+00
1.217839965993924078e+00
1.217839965993924078e+00
1.217839965993924078e+00
1.217839965993924078e+00
1.217839965993924078e+00
1.217839965993924078e+00
1.217839965993924078e+00
1.217839965993924078e+00
1.220297933245216848e+00
1.220297933245216848e+00
1.220297933245216848e+00
1.220297933245216848e+00
1.220297933245216848e+00
1.223338449245692461e+00
1.223338449245692461e+00
1.223338449245692461e+00
1.223338449245692461e+00
1.223338449245692461e+00
1.223338449245692461e+00
1.223338449245692461e+00
1.223338449245692461e+00
1.223338449245692461e+00
1.223338449245692461e+00
1.223338449245692461e+00
1.223338449245692461e+00
1.223338449245692461e+00
1.223091484861779321e+00
1.223091484861779321e+00
1.223091484861779321e+00
1.223091484861779321e+00
1.230738566961689262e+00
1.230738566961689262e+00
1.230738566961689262e+00
1.230738566961689262e+00
1.230738566961689262e+00
1.230738566961689262e+00
1.231568113891471361e+00
1.231568113891471361e+00
1.231568113891471361e+00
1.227182659054145475e+00
1.227182659054145475e+00
1.229643908156492271e+00
1.229643908156492271e+00
1.229643908156492271e+00
1.229643908156492271e+00
1.229643908156492271e+00
1.229643908156492271e+00
1.228946855947018690e+00
1.220665171390916903e+00
1.220665171390916903e+00
1.220665171390916903e+00
1.218097378799503083e+00
1.218097378799503083e+00
1.218097378799503083e+00
1.218097378799503083e+00
1.218097378799503083e+00
1.218097378799503083e+00
1.218097378799503083e+00
1.218097378799503083e+00
1.218097378799503083e+00
1.225372802504178349e+00
1.225372802504178349e+00
1.226636493843363152e+00
1.226636493843363152e+00
1.226636493843363152e+00
1.226636493843363152e+00
1.221603195459752156e+00
1.221603195459752156e+00
1.221603195459752156e+00
1.221603195459752156e+00
1.221603195459752156e+00
1.221603195459752156e+00
1.224404690312769439e+00
1.224404690312769439e+00
1.224404690312769439e+00
1.224404690312769439e+00
1.224404690312769439e+00
1.224404690312769439e+00
1.224404690312769439e+00
1.221705486805056751e+00
1.221705486805056751e+00
1.221705486805056751e+00
1.221705486805056751e+00
1.221705486805056751e+00
1.219279804654633370e+00
1.219279804654633370e+00
1.219279804654633370e+00
1.219279804654633370e+00
1.219279804654633370e+00
1.219279804654633370e+00
1.219279804654633370e+00
1.219279804654633370e+00
1.216219234686531037e+00
1.216219234686531037e+00
1.216219234686531037e+00
1.216219234686531037e+00
1.216219234686531037e+00
1.216219234686531037e+00
1.216219234686531037e+00
1.216219234686531037e+00
1.216219234686531037e+00
1.216219234686531037e+00
1.216219234686531037e+00
1.216219234686531037e+00
1.215553214640711088e+00
1.215553214640711088e+00
1.215553214640711088e+00
1.218910905802711886e+00
1.218910905802711886e+00
1.218910905802711886e+00
1.227355408109431556e+00
1.231249316603121979e+00
1.231249316603121979e+00
1.231249316603121979e+00
1.231249316603121979e+00
1.231249316603121979e+00
1.231249316603121979e+00
1.231249316603121979e+00
1.231249316603121979e+00
1.226055126837717557e+00
1.226055126837717557e+00
1.226055126837717557e+00
1.234994566917264169e+00
1.239627258859526737e+00
1.240024565214820962e+00
1.229627623256661639e+00
1.229627623256661639e+00
1.229627623256661639e+00
1.229627623256661639e+00
1.229627623256661639e+00
1.229627623256661639e+00
1.229627623256661639e+00
1.229627623256661639e+00
1.229627623256661639e+00
1.229627623256661639e+00
1.229627623256661639e+00
1.229627623256661639e+00
1.229146019974935999e+00
1.229146019974935999e+00
1.229146019974935999e+00
1.228626366302949302e+00
1.228626366302949302e+00
1.228626366302949302e+00
1.223996560850033610e+00
1.223996560850033610e+00
1.230979909523814531e+00
1.223900213229332179e+00
1.223900213229332179e+00
1.224461866869052340e+00
1.224461866869052340e+00
1.224461866869052340e+00
1.224461866869052340e+00
1.224461866869052340e+00
1.224461866869052340e+00
1.224461866869052340e+00
1.224461866869052340e+00
1.224461866869052340e+00
1.217300494964111968e+00
1.217300494964111968e+00
1.217300494964111968e+00
1.217300494964111968e+00
1.213913959817692900e+00
1.213913959817692900e+00
1.213913959817692900e+00
1.227521551317376725e+00
1.227521551317376725e+00
1.227521551317376725e+00
1.227521551317376725e+00
1.227521551317376725e+00
1.230490638107074375e+00
1.230490638107074375e+00
1.221080171298445594e+00
1.221080171298445594e+00
1.221080171298445594e+00
1.221080171298445594e+00
1.225282051963224372e+00
1.224938283950768980e+00
1.224938283950768980e+00
1.224938283950768980e+00
1.224938283950768980e+00
1.224938283950768980e+00
1.224938283950768980e+00
1.224938283950768980e+00
1.224938283950768980e+00
1.224938283950768980e+00
1.224938283950768980e+00
1.224938283950768980e+00
1.216778799893819984e+00
