1.519258
1.519258
1.519258
1.449076
1.511304
1.511304
1.511304
1.511304
1.511304
1.511304
1.511304
1.511304
1.511304
1.511304
1.470174
1.524388
1.524388
1.524388
1.524388
1.524388
1.524388
1.464606
1.464606
1.464606
1.483802
1.483802
1.483802
1.483802
1.483802
1.483802
1.483802
1.446701
1.446701
1.502910
1.537065
1.537065
1.460426
1.460426
1.503437
1.481340
1.509043
1.480641
1.493045
1.493045
1.493045
1.493045
1.493045
1.493045
1.537406
1.537406
1.472433
1.472433
1.472433
1.472433
1.518321
1.518321
1.518321
1.518321
1.518321
1.435764
1.412027
1.412027
1.456993
1.488058
1.488058
1.535265
1.479311
1.470912
1.470912
1.495199
1.495199
1.495199
1.495199
1.495199
1.495199
1.492806
1.492806
1.492806
1.492806
1.454209
1.451169
1.522716
1.522716
1.522716
1.536577
1.490968
1.490968
1.490968
1.485173
1.485173
1.557370
1.545160
1.545160
1.545160
1.491644
1.478975
1.478975
1.495130
1.459683
1.488763
1.488763
1.488763
1.488763
1.528237
1.442393
1.435035
1.435035
1.395753
1.395753
1.395753
1.395753
1.464990
1.435031
1.482218
1.396790
1.548842
1.540867
1.503269
1.498151
1.498151
1.460812
1.460812
1.473084
1.473084
1.461898
1.461898
1.467530
1.510949
1.483192
1.500077
1.500077
1.494624
1.494624
1.494624
1.530279
1.413290
1.413290
1.413290
1.413290
1.413290
1.413290
1.382190
1.382190
1.479910
1.495635
1.503253
1.503253
1.486852
1.496299
1.496299
1.496299
1.472421
1.472421
1.484998
1.484998
1.484998
1.484998
1.485830
1.485830
1.485830
1.485830
1.485830
1.485830
1.485830
1.485830
1.485830
1.449879
1.498495
1.498495
1.498495
1.498495
1.498495
1.498495
1.511697
1.511697
1.511697
1.511697
1.528719
1.549540
1.549540
1.488975
1.488975
1.488975
1.488975
1.508771
1.508771
1.491113
1.491113
1.491113
1.491113
1.491113
1.491113
1.491113
1.491113
1.458077
1.458077
1.458077
1.458077
1.458077
1.536236
1.542077
1.542077
1.542077
1.542077
1.498852
1.551416
1.465407
1.520573
1.492479
1.461295
1.461295
1.461295
1.533935
1.527196
1.527196
1.527196
1.527196
1.527196
1.527196
1.457480
1.457480
1.457480
1.367475
1.363274
1.363274
1.363274
1.363274
1.479316
1.479316
1.479316
1.516635
1.516635
1.516635
1.516635
1.485666
1.485666
1.504290
1.504290
1.504290
1.499235
1.499235
1.499235
1.499235
1.489117
1.489117
1.511592
1.432567
1.432567
1.432567
1.432567
1.512029
1.428305
1.428305
1.428305
1.393407
1.504245
1.473607
1.473607
1.520328
1.477563
1.493791
1.493791
1.493791
1.493791
1.429935
1.429935
1.429935
1.451744
1.451744
1.451744
1.428005
1.417186
1.459894
1.459894
1.459959
1.459959
1.498639
1.498639
1.498639
1.498639
1.498639
1.495241
1.495241
1.454509
1.454509
1.501502
1.527287
1.527287
1.527287
1.527287
1.468215
1.533005
1.533005
1.533005
1.533005
1.533328
1.533328
1.557253
1.557253
1.557253
1.557253
1.483576
1.483576
1.483576
1.483576
1.483576
1.483576
1.483576
1.491451
1.491451
1.491451
1.474309
1.385170
1.385170
1.385170
1.518655
1.518655
1.518655
1.438594
1.482539
1.484541
1.474110
1.474110
1.474110
1.474110
1.424724
1.424724
1.414697
1.476081
1.476081
1.477694
1.477694
1.489129
1.489129
1.489129
1.489129
1.489129
1.489129
1.489129
1.489129
1.449034
1.449034
1.431026
1.449275
1.509480
1.509480
1.509480
1.462071
1.525482
1.524321
1.524321
1.524321
1.439995
1.551544
1.500753
1.500753
1.489215
1.489215
1.489215
1.489215
1.489215
1.501752
1.501752
1.403959
1.403959
1.565798
1.565798
1.565798
1.565798
1.565798
1.565798
1.435398
1.435398
1.435398
1.435398
1.422429
1.422429
1.422429
1.422429
1.422429
1.422429
1.422429
1.422429
1.422429
1.435049
1.495369
1.495369
1.495369
1.510790
1.510790
1.460504
1.479908
1.445935
1.470795
1.470795
1.470795
1.532831
1.532831
1.465763
1.465763
1.465763
1.465763
1.465763
1.448845
1.448845
1.446248
1.497552
1.497552
1.497552
1.522736
1.516365
1.505719
1.440250
1.458615
1.505051
1.505051
1.519733
1.504113
1.504113
1.504113
1.504113
1.504113
1.504113
1.452208
1.452208
1.452208
1.452208
1.466252
1.466252
1.466252
1.466252
1.466252
1.495899
1.495899
1.495899
1.495899
1.482416
1.511466
1.511466
1.511466
1.511466
1.511466
1.511466
1.487352
1.487352
1.487352
1.440674
1.440674
1.497322
1.497322
1.478203
1.498422
1.498422
1.498422
1.498422
1.424716
1.436079
1.537997
1.537997
1.537997
1.537997
1.486728
1.486728
1.486728
1.486728
1.486728
1.486728
1.486728
1.486728
1.486728
1.486728
1.486728
1.486728
1.513300
1.513300
1.470615
1.454036
1.454036
1.454036
1.454036
1.454036
1.454036
1.372162
1.437046
1.560814
1.560814
1.545851
1.545851
1.545851
1.545851
1.545851
1.545851
1.545851
1.545851
1.468764
1.468764
1.511601
1.511601
1.511601
1.511601
1.505369
1.505369
1.505369
1.552680
1.527160
1.527160
1.527160
1.527160
1.527160
1.527160
1.527160
1.492382
1.505161
1.505161
1.505161
1.505161
1.505161
1.505161
1.481445
1.494726
1.494726
1.515406
1.515406
1.471002
1.471002
1.491091
1.476677
1.476677
1.516698
1.528751
1.528751
1.552572
1.511767
1.437803
1.437803
1.378713
1.384115
1.384115
1.384115
1.384115
1.528628
1.549716
1.549062
1.549062
1.498219
1.517151
1.517151
1.479591
1.479591
1.483658
1.458659
1.508063
1.508063
1.508063
1.508063
1.494662
1.531086
1.531086
1.531086
1.531086
1.531086
1.531086
1.499542
1.512010
1.512010
1.512010
1.512010
1.490728
1.490728
1.490728
1.490728
1.490728
1.490728
1.490728
1.490728
1.490728
1.521503
1.521503
1.521503
1.521503
1.521503
1.521503
1.521503
1.521503
1.521503
1.521503
1.527829
1.527829
1.421781
1.460045
1.469633
1.469633
1.469633
1.479141
1.479141
1.541678
1.504459
1.504459
1.504459
1.458887
1.458887
1.477358
1.542060
1.543329
1.543329
1.543329
1.543329
1.543329
1.570790
1.570790
1.477920
1.477920
1.477920
1.539217
1.539217
1.539217
1.546246
1.546246
1.546246
1.471873
1.464860
1.462240
1.462240
1.480364
1.480364
1.453883
1.408440
1.517674
1.517674
1.472375
1.472375
1.477404
1.469648
1.469648
1.469648
1.469648
1.469648
1.533833
1.441796
1.441796
1.483239
1.487745
1.487745
1.516969
1.516969
1.516969
1.492763
1.479714
1.479714
1.403284
1.456976
1.538012
1.538012
1.538012
1.453330
1.453330
1.453330
1.453330
1.491906
1.491906
1.480568
1.533301
1.533301
1.533078
1.533078
1.541298
1.541298
1.565996
1.565996
1.565996
1.552251
1.552251
1.552251
1.493926
1.493926
1.493926
1.493926
1.493926
1.493926
1.493926
1.506666
1.454967
1.454967
1.454967
1.454967
1.454967
1.454967
1.480445
1.514513
1.514513
1.506629
1.506629
1.498143
1.498143
1.498143
1.498143
1.498143
1.499965
1.441020
1.508642
1.508642
1.518541
1.518541
1.518541
1.518541
1.518541
1.518541
1.506954
1.472621
1.446705
1.446705
1.446705
1.531802
1.523826
1.508069
1.508069
1.525677
1.525524
1.525524
1.525524
1.525524
1.499213
1.499213
1.499213
1.540293
1.540293
1.540293
1.494975
1.474342
1.474342
1.474342
1.474342
1.474342
1.474342
1.474342
1.508682
1.425815
1.425815
1.516457
1.516457
1.516457
1.521226
1.521226
1.521226
1.491010
1.491010
1.491010
1.491010
1.477897
1.443445
1.426356
1.525295
1.489879
1.489879
1.489879
1.489879
1.489879
1.454755
1.454755
1.502406
1.502406
1.502406
1.502406
1.502406
1.454713
1.522599
1.522599
1.438625
1.438625
1.537289
1.537289
1.537289
1.537289
1.537289
1.536076
1.536076
1.536076
1.535315
1.522787
1.522787
1.529523
1.544732
1.482237
1.482237
1.482237
1.482237
1.482237
1.549102
1.586380
1.493426
1.493426
1.493426
1.493426
1.493426
1.458346
1.458346
1.458346
1.458346
1.458346
1.458346
1.433901
1.554870
1.548030
1.488690
1.455254
1.356070
1.391653
1.452839
1.425902
1.503227
1.503227
1.517927
1.517927
1.492378
1.492378
1.500654
1.509266
1.509266
1.472959
1.508648
1.493456
1.533561
1.533561
1.533561
1.533561
1.533561
1.533561
1.533561
1.484107
1.484107
1.539237
1.469063
1.469063
1.469063
1.522565
1.485540
1.485703
1.485703
1.485703
1.485703
1.485703
1.485703
1.485703
1.454691
1.446975
1.446975
1.446975
1.469585
1.469585
1.469585
1.469585
1.511894
1.478683
1.478683
1.478683
1.530057
1.480604
1.480604
1.480604
1.480604
1.517244
1.517244
1.517244
1.517244
1.490956
1.490956
1.490956
1.490956
1.490956
1.437741
1.469178
1.469178
1.469178
1.449933
1.534681
1.534681
1.483811
1.483811
1.483811
1.507683
1.447253
1.478365
1.478365
1.478365
1.525296
1.525296
1.525296
1.537085
1.538245
1.538245
1.471740
1.471740
1.471740
1.457127
1.467329
1.522908
1.522908
1.522908
1.429310
1.429310
1.421177
1.421177
1.448203
1.529581
1.533034
1.533034
1.514565
1.514565
1.514565
1.511667
1.511667
1.511667
1.511667
1.503289
1.503289
1.503289
1.504280
1.486055
1.486055
1.486055
1.510134
1.510134
1.528216
1.528216
1.459056
1.510604
1.510604
1.510604
1.510604
1.510604
1.510604
1.510604
1.510604
1.510604
1.553914
1.477784
1.477784
1.538882
1.538882
1.538882
1.503091
1.503091
1.503091
1.503091
1.503091
1.503091
1.429427
1.429427
1.381352
1.381352
1.408256
1.408256
1.408256
1.428068
1.448980
1.411375
1.459278
1.459278
1.459278
1.459278
1.459278
1.481355
1.481355
1.481355
1.484607
1.484607
1.484607
1.484607
1.550105
1.529802
1.529802
1.529802
1.529802
1.546718
1.468245
1.389686
1.467505
1.454339
1.474959
1.470051
1.470051
1.470051
1.470051
1.470051
1.470051
1.512610
1.512610
1.450483
1.450483
1.450483
1.499108
1.499108
1.499108
1.461763
1.461763
1.528373
1.495585
1.495585
1.521164
1.521164
1.521164
1.498364
1.498364
1.498364
1.498364
1.437940
1.460564
1.454753
1.526971
1.526971
1.460231
1.460231
1.460231
1.460231
1.460231
1.447890
1.447890
1.447890
1.502405
1.520282
1.520282
1.520282
1.504117
1.504117
1.552522
1.472700
1.472700
1.472700
1.472700
1.472700
1.500152
1.500152
1.500152
1.444033
1.444033
1.550683
1.550683
1.550683
1.536502
1.536502
1.569841
1.432383
1.494171
1.525947
1.525947
1.505858
1.505858
1.494042
1.500641
1.500641
1.500641
1.500641
1.500641
1.500641
1.500641
1.506637
1.506637
1.506637
1.506637
1.493890
1.493890
1.485726
1.486814
1.486814
1.486814
1.462628
1.462628
1.386897
1.386897
1.452494
1.452494
1.490164
1.490164
1.490164
1.490164
1.464626
1.464626
1.456338
1.456338
1.488227
1.460091
1.460091
1.479468
1.479468
1.477296
1.477296
1.477296
1.482291
1.482291
1.482291
1.482291
1.482291
1.522061
1.522061
1.522061
1.493162
1.493162
1.472568
1.462876
1.462876
1.462876
1.462876
1.525059
1.464992
1.464992
1.453028
1.453028
1.453028
1.453028
1.456521
1.456521
1.422981
1.567722
1.560196
1.530511
1.530511
1.484123
1.481065
1.427581
1.492305
1.481131
1.481131
1.481131
1.481131
1.481131
1.518194
1.518194
1.521598
1.521598
1.393527
1.393527
1.393527
1.393527
1.408538
1.408538
1.408538
1.408469
1.389757
1.389757
1.455566
1.455566
1.455566
1.446284
1.468989
1.468989
1.468989
1.468989
1.468989
1.468989
1.507527
1.507527
1.492888
1.476417
1.476417
1.476417
1.476417
1.476417
1.560939
1.443457
1.443457
1.533694
1.533694
1.533694
1.498441
1.498441
1.498441
1.498441
1.536928
1.547761
1.469416
1.473171
1.473171
1.498417
1.498417
1.498417
1.499660
1.499660
1.499660
1.499660
1.473283
1.473283
1.473283
1.473283
1.473283
1.473283
1.500865
1.527842
1.527842
1.540738
1.540738
1.516971
1.516971
1.516971
1.516971
1.490615
1.469440
1.469440
1.460401
1.460401
1.460401
1.549355
1.549355
1.524294
1.484546
1.497937
1.517460
1.462850
1.462850
1.462850
1.462850
1.483914
1.483914
1.483914
1.483914
1.483914
1.525604
1.525343
1.502133
1.417550
1.417550
1.417550
1.429544
1.429544
1.432749
1.432749
1.421624
1.421624
1.463705
1.477192
1.477192
1.510045
1.510045
1.510045
1.510045
1.505510
1.505510
1.505510
1.505510
1.505510
1.505510
1.505510
1.505510
1.505510
1.505510
1.501180
1.501180
1.501180
1.471785
1.471785
1.479193
1.479193
1.479193
1.479193
1.479193
1.479443
1.479443
1.479443
1.479443
1.479443
1.479443
1.479443
1.479443
1.474882
1.486713
1.486713
1.486713
1.486713
1.486713
1.531190
1.531190
1.531190
1.531190
1.531190
1.531190
1.464586
1.467897
1.467897
1.467897
1.448964
1.448964
1.448964
1.509187
1.509187
1.509187
1.509187
1.509187
1.509187
1.509187
1.509187
1.484777
1.484777
1.484777
1.498778
1.497091
1.525302
1.525302
1.525302
1.525302
1.479628
1.479628
1.479628
1.479628
1.479628
1.479628
1.479628
1.479628
1.479628
1.425625
1.425625
1.438854
1.478653
1.445675
1.470800
1.460345
1.464337
1.463414
1.463414
1.463414
1.463414
1.463414
1.463414
1.459700
1.459700
1.459700
1.459700
1.459700
1.459700
1.459700
1.467927
1.467927
1.473476
1.473476
1.537546
1.537546
1.501641
1.501641
1.501641
1.471421
1.531223
1.521281
1.514825
1.514825
1.517902
1.517902
1.517902
1.551147
1.546372
1.546372
1.543888
1.543888
1.543888
1.494717
1.494717
1.451239
1.451239
1.430399
1.435993
1.427539
1.477904
1.467650
1.467650
1.510979
1.510979
1.510979
1.510979
1.510979
1.510979
1.510979
1.510979
1.510979
1.463238
1.469688
1.550670
1.511873
1.511873
1.511873
1.511873
1.511873
1.505521
1.505521
1.505521
1.486502
1.486502
1.486502
1.486502
1.486502
1.494705
1.494705
1.494705
1.530728
1.530728
1.530728
1.530728
1.530728
1.467638
1.467638
1.467638
1.486055
1.486055
1.486055
1.514251
1.514619
1.454599
1.454599
1.454599
1.486278
1.508818
1.508818
1.508818
1.451555
1.530832
1.530832
1.476008
1.476008
1.476008
1.531647
1.500930
1.500930
1.516727
1.516727
1.544091
1.544091
1.544091
1.532626
1.489814
1.444409
1.444409
1.444409
1.444409
1.444409
1.469864
1.469864
1.469864
1.469864
1.469864
1.540514
1.540514
1.540514
1.540514
1.540514
1.540514
1.540514
1.540514
1.549783
1.549783
1.549783
1.549783
1.549783
1.492218
1.438194
1.445790
1.441637
1.441637
1.473266
1.473266
1.473266
1.473266
1.473266
1.473266
1.458622
1.458622
1.458622
1.458622
1.525348
1.525348
1.525348
1.515898
1.480278
1.480278
1.464560
1.464560
1.458501
1.458501
1.458501
1.458501
1.523416
1.523416
1.521057
1.517962
1.541877
1.466432
1.466432
1.466432
1.466432
1.466432
1.510055
1.510055
1.529683
1.529683
1.529683
1.529683
1.491322
1.491322
1.456497
1.456497
1.456497
1.456497
1.456497
1.534793
1.534793
1.487109
1.520290
1.520290
1.557577
1.557577
1.494515
1.494515
1.494515
1.494515
1.494515
1.544991
1.544991
1.544991
1.544991
1.468504
1.549109
1.549109
1.549109
1.549109
1.549109
1.549109
1.549109
1.549109
1.549109
1.443079
1.425155
1.538002
1.493139
1.493139
1.493139
1.493139
1.493139
1.493139
1.493139
1.493139
1.493139
1.452433
1.452433
1.452433
1.452433
1.452433
1.452433
1.510255
1.510255
1.510255
1.492810
1.492810
1.492810
1.492810
1.429898
1.482129
1.513740
1.513740
1.513740
1.513740
1.513740
1.513740
1.526521
1.526521
1.526521
1.526521
1.490999
1.490999
1.529730
1.529730
1.545208
1.545208
1.567074
1.567074
1.567074
1.485428
1.485428
1.522543
1.495428
1.495428
1.495428
1.474925
1.507952
1.464242
1.464242
1.464242
1.464242
1.519854
1.519854
1.519854
1.481286
1.481286
1.520138
1.468234
1.521068
1.521068
1.521068
1.521068
1.521068
1.521068
1.521068
1.549263
1.444807
1.444807
1.444807
1.439736
1.444322
1.543715
1.543715
1.543715
1.530785
1.530785
1.438827
1.438827
1.445080
1.445488
1.482087
1.482087
1.482087
1.482087
1.462916
1.462916
1.564140
1.507092
1.507092
1.507092
1.507092
1.502481
1.502481
1.502481
1.502481
1.502481
1.486636
1.486636
1.486636
1.538697
1.538697
1.538697
1.476975
1.476975
1.499900
1.499900
1.522383
1.522383
1.538613
1.551553
1.460640
1.460640
1.538262
1.518467
1.518467
1.518467
1.526930
1.526930
1.438594
1.494932
1.532346
1.532346
1.532346
1.452872
1.452872
1.452872
1.452872
1.452872
1.452872
1.490150
1.490150
1.490150
1.490150
1.490150
1.490150
1.454270
1.454270
1.482185
1.482185
1.482185
1.482185
1.482185
1.502422
1.502422
1.475807
1.481013
1.481013
1.481013
1.508450
1.508450
1.485496
1.519207
1.519207
1.519207
1.519207
1.519207
1.457708
1.504510
1.416568
1.500400
1.500400
1.500400
1.515951
1.515951
1.515951
1.515951
1.515951
1.515951
1.515951
1.515951
1.515951
1.532689
1.532689
1.532689
1.532689
1.532689
1.532689
1.502131
1.502131
1.502131
1.489208
1.489208
1.489208
1.480925
1.480925
1.514861
1.514861
1.514861
1.469292
1.480783
1.426395
1.493046
1.493046
1.493046
1.520858
1.520858
1.437905
1.423467
1.443601
1.515430
1.525527
1.525527
1.525527
1.525527
1.554319
1.554319
1.464857
1.532376
1.532376
1.532376
1.478962
1.491148
1.431808
1.490843
1.490843
1.422792
1.449718
1.495850
1.514499
1.509713
1.509713
1.509713
1.533032
1.532225
1.532225
1.462052
1.462052
1.462052
1.520572
1.535632
1.535632
1.535632
1.535632
1.471163
1.471163
1.471163
1.521749
1.521749
1.501945
1.501945
1.522411
1.522411
1.522411
1.437963
1.437963
1.478443
1.443459
1.443459
1.443459
1.416381
1.463671
1.463671
1.463671
1.463671
1.531135
1.531135
1.531135
1.531135
1.497223
1.502578
1.502578
1.502578
1.502578
1.503209
1.503209
1.470736
1.470736
1.470736
1.470736
1.470736
1.470736
1.503080
1.450016
1.527720
1.458471
1.419627
1.419627
1.443414
1.443414
1.443414
1.443414
1.465163
1.465163
1.465163
1.465163
1.485483
1.485483
1.485483
1.485483
1.485483
1.565457
1.565457
1.565457
1.565457
1.565457
1.565457
1.487210
1.487210
1.487210
1.507459
1.507459
1.507459
1.507459
1.507459
1.507459
1.477327
1.536700
1.536700
1.536700
1.536700
1.536700
1.536700
1.536127
1.513394
1.513394
1.478508
1.478508
1.478508
1.478508
1.478508
1.538788
1.538788
1.538788
1.538788
1.538788
1.538788
1.538788
1.538788
1.538788
1.538788
1.538788
1.436432
1.436432
1.436432
1.436432
1.436432
1.436432
1.436432
1.436432
1.433094
1.505307
1.525450
1.525450
1.453682
1.453682
1.453682
1.518372
1.528650
1.464506
1.477280
1.477280
1.477280
1.477280
1.477280
1.471240
1.471240
1.471240
1.471240
1.522817
1.522817
1.541637
1.541637
1.450683
1.454949
1.502477
1.502477
1.502477
1.502477
1.497098
1.469375
1.469375
1.469375
1.460206
1.460206
1.460206
1.460206
1.518337
1.518337
1.518337
1.518337
1.518337
1.475237
1.475237
1.475237
1.475237
1.443671
1.415226
1.415226
1.493949
1.493949
1.478659
1.478659
1.478659
1.478659
1.436191
1.436191
1.436191
1.436191
1.515804
1.515804
1.515804
1.506797
1.506797
1.506797
1.513276
1.466921
1.458757
1.458757
1.580713
1.523820
1.523820
1.523820
1.516721
1.516721
1.516721
1.516721
1.516721
1.475791
1.475791
1.475791
1.475791
1.463579
1.425109
1.427382
1.579756
1.579756
1.486322
1.522943
1.522943
1.522943
1.486100
1.486100
1.486100
1.481861
1.476407
1.476407
1.476407
1.476407
1.476407
1.477113
1.477113
1.477113
1.477113
1.477113
1.477113
1.477113
1.477113
1.477113
1.460768
1.460768
1.460768
1.544317
1.544317
1.511687
1.511687
1.452711
1.452711
1.512469
1.512469
1.512469
1.454417
1.379324
1.379324
1.379324
1.379324
1.379324
1.379324
1.379324
1.431078
